0
"0","0","1"
-1,"10","0","100000"
"6.67385E-11",3.55E+09,-.1570787
11,-1982.498,0,0,5,258,39
1.98892D+30,327179907.518278,63110.12286671995,329491834.4415131,8.314473438302555,.1615445473087593,-6.20376197892503
 4294967040 
3.5845D+23,19716379656.9402,6142247757.05733,-49392362851.5104,-43324.630912358,-998.6633508852806,-27764.90476630604
 4290495994 
4.8988D+24,-63658533512.3615,-5954556323.814182,88241435888.5956,28191.5547087135,-787.152109069308,20393.2519639634
 4294944050 
5.9742D+24,61695695298.56277,-5714002.628891,-134375483814.8542,-27204.57452901168,2.59448120523431,-12838.43332065714
 4278190335 
6.419100000000001D+23,235552408960.7082,5739544700.957527,-32656715709.34497,-1295.52794536107,537.5623991891266,-23091.07220631024
 4294901760 
1.8991D+27,-362078887412.868,17828036138.24645,-729157889187.4974,-11103.13942818347,-79.73988548484654,5645.185868716327
 4294948545 
5.6862D+26,-636026857766.8893,-41193622530.8633,1312597407601.122,8678.002331897904,-297.376164726212,3684.941996903884
 4289506476 
8.6805D+25,-94924596928.34108,35048802398.3774,-2734415268617.55,-7127.894405557625,-28.76293707868608,185.8316685263196
 4288267494 
1.0248D+26,3909768726543.333,-130466517306.4113,2145123155610.894,2649.040792215865,55.97835760527532,-4797.204607343022
 4282477025 
1.195D+22,-1896610794934.682,-1502710258582.155,5847271729568.091,3753.381142962343,-1027.633155040326,2139.16145952262
 4292571283 
7.36D+22,61904835504.91664,-22681798.91559137,-134679499666.213,-28060.25088884643,85.6058466526718,-13471.82342881723
 4292664512 
8.7D+17,-374624210741.701,22467896013.48148,-733206138057.893,-10245.4575724215,1209.34205671458,3300.102662396745
 4284119160 
